12 0.3828125 0.48515625 0.765625 0.9703125
12 0.8140625 0.92109375 0.18125 0.1578125
12 0.66953125 0.87734375 0.1828125 0.2453125
12 0.70703125 0.7328125 0.1515625 0.203125
12 0.85078125 0.75234375 0.1453125 0.2109375
12 0.8890625 0.55546875 0.171875 0.2171875
12 0.75234375 0.53828125 0.1765625 0.2203125
12 0.91796875 0.3609375 0.1484375 0.21875
12 0.78515625 0.33046875 0.178125 0.1953125
12 0.9390625 0.1734375 0.11875 0.2125
12 0.80546875 0.1453125 0.1515625 0.203125
12 0.06796875 0.76953125 0.1359375 0.2234375
12 0.1609375 0.0765625 0.2 0.153125