12 0.47265625 0.66640625 0.9453125 0.6671875
12 0.8703125 0.10234375 0.1875 0.1640625
12 0.83671875 0.25625 0.2296875 0.146875
12 0.6859375 0.2515625 0.184375 0.115625
12 0.67421875 0.10546875 0.1984375 0.121875
12 0.4734375 0.1078125 0.196875 0.140625
12 0.4859375 0.2453125 0.196875 0.146875
12 0.27734375 0.1203125 0.1984375 0.109375
12 0.2765625 0.25703125 0.175 0.1515625
12 0.09375 0.121875 0.1875 0.14375
12 0.0921875 0.275 0.184375 0.140625
12 0.86171875 0.89296875 0.2046875 0.159375
12 0.11328125 0.91640625 0.2171875 0.1671875