12 0.4734375 0.66484375 0.946875 0.6703125
12 0.8703125 0.10234375 0.178125 0.1546875
12 0.83671875 0.25625 0.2265625 0.14375
12 0.6859375 0.2515625 0.190625 0.125
12 0.67421875 0.10546875 0.1953125 0.1171875
12 0.4734375 0.1078125 0.20625 0.153125
12 0.4859375 0.2453125 0.203125 0.153125
12 0.27734375 0.1203125 0.1953125 0.10625
12 0.2765625 0.25703125 0.175 0.1515625
12 0.09375 0.121875 0.1875 0.1375
12 0.09140625 0.275 0.1828125 0.134375
12 0.86171875 0.89296875 0.2015625 0.1578125
12 0.1140625 0.9203125 0.20625 0.15625