12 0.6328125 0.4984375 0.728125 0.996875
12 0.0609375 0.77890625 0.121875 0.1984375
12 0.1921875 0.77890625 0.1734375 0.240625
12 0.2171875 0.6296875 0.1421875 0.196875
12 0.078125 0.5890625 0.1515625 0.2109375
12 0.1234375 0.390625 0.1765625 0.21875
12 0.2546875 0.43125 0.16875 0.2140625
12 0.17421875 0.2015625 0.1421875 0.2125
12 0.30859375 0.23046875 0.18125 0.196875
12 0.2171875 0.0625 0.165625 0.125
12 0.365625 0.07578125 0.1546875 0.1515625
12 0.81015625 0.9109375 0.1828125 0.1734375
12 0.946875 0.2125 0.1015625 0.2328125