12 0.38125 0.48359375 0.7625 0.9671875
12 0.81328125 0.91953125 0.1859375 0.1609375
12 0.66953125 0.87734375 0.1828125 0.2453125
12 0.70703125 0.7328125 0.1390625 0.196875
12 0.85078125 0.75234375 0.1421875 0.2109375
12 0.8890625 0.55546875 0.175 0.2203125
12 0.75234375 0.53828125 0.1609375 0.2078125
12 0.91796875 0.3609375 0.1421875 0.2125
12 0.78515625 0.33046875 0.1828125 0.1984375
12 0.9375 0.17265625 0.125 0.2171875
12 0.80546875 0.1453125 0.1578125 0.20625
12 0.06875 0.76953125 0.1375 0.2265625
12 0.16015625 0.075 0.1953125 0.15