26 0.3828125 0.08359375 0.371875 0.1671875
26 0.3734375 0.2234375 0.315625 0.234375
26 0.3296875 0.3796875 0.315625 0.21875
26 0.2828125 0.540625 0.340625 0.221875
26 0.2515625 0.7046875 0.315625 0.196875
26 0.22265625 0.8765625 0.3171875 0.215625
26 0.8578125 0.1515625 0.246875 0.178125
26 0.8109375 0.32109375 0.309375 0.1984375
26 0.76328125 0.48828125 0.3421875 0.2421875
26 0.73671875 0.6453125 0.3078125 0.209375
26 0.6984375 0.8125 0.346875 0.203125
26 0.6578125 0.93359375 0.328125 0.1328125