38 0.93125 0.49453125 0.1375 0.2828125
38 0.06796875 0.925 0.1265625 0.15
38 0.50078125 0.0796875 0.275 0.15
38 0.93203125 0.078125 0.134375 0.1453125
38 0.06953125 0.49921875 0.1390625 0.2828125
38 0.4953125 0.92578125 0.2765625 0.14375
38 0.928125 0.9265625 0.14375 0.1390625
38 0.0703125 0.078125 0.140625 0.1453125
38 0.7515625 0.75390625 0.275 0.3078125
38 0.2484375 0.7546875 0.2765625 0.309375
38 0.7515625 0.25 0.275 0.30625
38 0.49765625 0.5015625 0.265625 0.3109375
38 0.2484375 0.25 0.2765625 0.3078125